cpu  9933789 52199 1018748 526289617 82082 1058446 576756 0 0 0
cpu0 1206904 6739 1149447 31172935 7742 343390 220544 0 0 0
cpu1 1155717 2290 1043206 31671292 4648 225309 110369 0 0 0
cpu2 1421905 1544 1004369 31480988 4147 260107 126301 0 0 0
cpu3 1149262 1626 821725 31964401 5544 229639 119541 0 0 0
intr 410113530 0 0 0 0 0 0 0 0 0 36368018 37105601 41841038 38159343 198 0 0 0 0 0 0 0 0 0 0 0 0 0 0 0 0 0 0 0 0 0 0 0 0 0 0 0 0 0 0 0 0 0 0 0 0 0 0 0 0 0 0 0 0 0 0 5 207701 0 1222 0 0 0 19379796 0 0 0 0 0 0 0 0 0 17 0 0 37 0 6781592 294893 27 0 0 7053393 0 2010848 0 0 0 0 0 0 0 0 0 0 0 0 0 0 0 0 0 0 0 0 0 0 0 0 0 0 0 0 0 0 0 0 0 0 0 0 0 0 0 0 0 0 0 0 0 0 0 0 0 0 0 0 0 0 0 0 0 0 0 0 0 0 0 0 0 0 0 0 0 0 0 0 0 0 0 0 0 0 0 0 0 0 0 0 0 0 0 0 0 0 0 0 0 0 0 0 0 0 0 0 0 0 0 0 0 0 0 0 0 0 0 0 0 0 0 0 0 0 0 0 0 0 0 0 0 0 0 0 0 0 0 0 0 0 0 0 0 0 0 0 0 0 0 0 0 0 0 0 0 0 0 0 0 0 0 0 0 0 0 0 0 0 0 0 0 0 0 0 0 0 0 0 0 0 0 0 0 0 0 0 0 0 0 0 0 0 0 0 0 0 0 0 0 0 0 0 0 0 0 0 0 0 0 0 0 0 0 0 0 0 0 0 0 0 0 0 0 0 0 0 0 0 0 0 0 0 0 0 0 0 0 0 0 0 0 0 0 0 0 0 0 0 0 0 0 0 0 0 0 0 0 0 0 0 0 0 0 0 0 0 0 0 0 0 0 0 0 0 0 0 0 0 0 0 0 0 0 0 0 0 0 0 0 0 0 0 0 0 0 0 0 0 8970 0 0 0 0 0 0 0 0 0 0 0 0 0 0 0 0 0 0 0 0 0 0 0 6798243
ctxt 573418524
btime 1643223162
processes 2779242
procs_running 1
procs_blocked 0
softirq 265506654 5 98763892 176776 683152 0 0 6563284 71841270 0 87478275
